
 CYCLE NUMBER   10 MODEL TIME IN  HOURS   .03

 DIAGONAL ELEMENTS OF U 

  -.4436858E-03  -.9301156E-02  -.1807418E-01  -.2668498E-01  -.3505718E-01  -.4311656E-01  -.5079165E-01  -.5801439E-01
  -.6472073E-01  -.7085122E-01  -.7635149E-01  -.8117277E-01  -.8527230E-01  -.8861374E-01  -.9116745E-01  -.9291080E-01
  -.9382832E-01  -.9391188E-01  -.9316074E-01  -.9158155E-01  -.8918832E-01  -.8600228E-01  -.8205167E-01  -.7737152E-01
  -.7200333E-01  -.6599471E-01  -.5939893E-01  -.5227449E-01  -.4468454E-01  -.3669641E-01  -.2838091E-01  -.1981178E-01
  -.1106501E-01  -.2218164E-02   .6650323E-02   .1546181E-01   .2413815E-01   .3260243E-01   .4077958E-01   .4859710E-01
   .5598567E-01   .6287976E-01   .6921826E-01   .7494494E-01   .8000905E-01   .8436566E-01   .8797615E-01   .9080851E-01
   .9283762E-01   .9404548E-01   .9442139E-01   .9396201E-01   .9267142E-01   .9056106E-01   .8764964E-01   .8396299E-01
   .7953378E-01   .7440129E-01   .6861105E-01   .6221438E-01   .5526801E-01   .4783353E-01   .3997687E-01   .3176770E-01
   .2327880E-01   .1458545E-01   .5764737E-02  -.3105127E-02  -.1194549E-01  -.2067796E-01  -.2922511E-01  -.3751115E-01
  -.4546260E-01  -.5300896E-01  -.6008331E-01  -.6662292E-01  -.7256981E-01  -.7787123E-01  -.8248019E-01  -.8635581E-01
  -.8946373E-01  -.9177639E-01  -.9327328E-01  -.9394113E-01  -.9377402E-01  -.9277343E-01  -.9094823E-01  -.8831461E-01
  -.8489591E-01  -.8072246E-01  -.7583125E-01  -.7026567E-01  -.6407506E-01  -.5731432E-01  -.5004339E-01  -.4232675E-01
  -.3423283E-01  -.2583338E-01  -.1720290E-01  -.8417910E-02   .4436907E-03   .9303324E-02   .1808243E-01   .2670316E-01
   .3508908E-01   .4316582E-01   .5086177E-01   .5810869E-01   .6484231E-01   .7100292E-01   .7653591E-01   .8139220E-01
   .8552874E-01   .8890884E-01   .9150254E-01   .9328684E-01   .9424590E-01   .9437124E-01   .9366173E-01   .9212368E-01
   .8977071E-01   .8662369E-01   .8271053E-01   .7806592E-01   .7273106E-01   .6675324E-01   .6018547E-01   .5308600E-01
   .4551776E-01   .3754788E-01   .2924702E-01   .2068878E-01   .1194907E-01   .3105362E-02

 CYCLE NUMBER   20 MODEL TIME IN  HOURS   .06

 DIAGONAL ELEMENTS OF U 

  -.2657709E-03  -.6013110E-02  -.1240236E-01  -.1937087E-01  -.2684085E-01  -.3472407E-01  -.4292287E-01  -.5133123E-01
  -.5983602E-01  -.6831837E-01  -.4632589E-01  -.5247366E-01  -.5851123E-01  -.6432422E-01  -.6979959E-01  -.7482523E-01
  -.7929151E-01  -.8309279E-01  -.8612901E-01  -.8830712E-01  -.5411415E-01  -.5559523E-01  -.5630092E-01  -.5616315E-01
  -.5512678E-01  -.5314812E-01  -.5019589E-01  -.4625184E-01  -.4131140E-01  -.3538397E-01  -.1721949E-01  -.1280670E-01
  -.7591990E-02  -.1609689E-02   .5092067E-02   .1245253E-01   .2039887E-01   .2884692E-01   .3770200E-01   .4686000E-01
   .3396917E-01   .4064841E-01   .4749559E-01   .5440226E-01   .6125664E-01   .6794359E-01   .7434616E-01   .8034709E-01
   .8583043E-01   .9068310E-01   .5728941E-01   .6074088E-01   .6358799E-01   .6573749E-01   .6710601E-01   .6761889E-01
   .6721135E-01   .6582965E-01   .6343205E-01   .5998967E-01   .3353308E-01   .3092118E-01   .2743040E-01   .2305951E-01
   .1782223E-01   .1174585E-01   .4871146E-02  -.2747863E-02  -.1104432E-01  -.1993911E-01  -.1773249E-01  -.2424918E-01
  -.3119534E-01  -.3847920E-01  -.4600124E-01  -.5365470E-01  -.6132684E-01  -.6890037E-01  -.7625490E-01  -.8326850E-01
  -.5428152E-01  -.5932815E-01  -.6400111E-01  -.6819120E-01  -.7179509E-01  -.7471446E-01  -.7685748E-01  -.7814020E-01
  -.7848787E-01  -.7783614E-01  -.4600974E-01  -.4542232E-01  -.4396585E-01  -.4160368E-01  -.3831375E-01  -.3408719E-01
  -.2892870E-01  -.2285682E-01  -.1590399E-01  -.8116485E-02   .2696188E-03   .6014509E-02   .1240802E-01   .1938407E-01
   .2686527E-01   .3476375E-01   .4298213E-01   .5141466E-01   .5994842E-01   .6846465E-01   .4643777E-01   .5261551E-01
   .5868719E-01   .6453843E-01   .7005614E-01   .7512807E-01   .7964440E-01   .8349923E-01   .8659220E-01   .8882987E-01
   .5446752E-01   .5599695E-01   .5675302E-01   .5666723E-01   .5568394E-01   .5375900E-01   .5086057E-01   .4696987E-01
   .4208173E-01   .3620500E-01   .1774500E-01   .1337364E-01   .8198599E-02   .2253699E-02

 CYCLE NUMBER   30 MODEL TIME IN  HOURS   .08

 DIAGONAL ELEMENTS OF U 

  -.1189320E-03  -.3321439E-02  -.7533157E-02  -.1280091E-01  -.1913392E-01  -.2651849E-01  -.3491680E-01  -.4426612E-01
  -.5447837E-01  -.6544016E-01  -.2323005E-01  -.2897057E-01  -.3553217E-01  -.4250248E-01  -.4975379E-01  -.5714015E-01
  -.6449907E-01  -.7165360E-01  -.7841484E-01  -.8458468E-01  -.2714091E-01  -.3069238E-01  -.3418836E-01  -.3710850E-01
  -.3929336E-01  -.4058496E-01  -.4082994E-01  -.3988292E-01  -.3760975E-01  -.3389078E-01  -.8641080E-02  -.7068655E-02
  -.4608562E-02  -.1061813E-02   .3631449E-02   .9511124E-02   .1659509E-01   .2487745E-01   .3432708E-01   .4488662E-01
   .1703171E-01   .2244251E-01   .2884330E-01   .3594710E-01   .4366489E-01   .5188559E-01   .6047691E-01   .6928649E-01
   .7814362E-01   .8686115E-01   .2873164E-01   .3353372E-01   .3861401E-01   .4343520E-01   .4783269E-01   .5163595E-01
   .5467146E-01   .5676592E-01   .5774960E-01   .5745973E-01   .1682184E-01   .1706950E-01   .1665575E-01   .1523476E-01
   .1270198E-01   .8967831E-02   .3960516E-02  -.2371481E-02  -.1005709E-01  -.1910063E-01  -.8887955E-02  -.1338909E-01
  -.1894516E-01  -.2542639E-01  -.3279121E-01  -.4097441E-01  -.4988696E-01  -.5941614E-01  -.6942626E-01  -.7975965E-01
  -.2722145E-01  -.3275431E-01  -.3886542E-01  -.4505702E-01  -.5117563E-01  -.5705499E-01  -.6251856E-01  -.6738224E-01
  -.7145747E-01  -.7455446E-01  -.2307791E-01  -.2507566E-01  -.2669736E-01  -.2748800E-01  -.2730862E-01  -.2602885E-01
  -.2353004E-01  -.1970836E-01  -.1447769E-01  -.7772424E-02   .1297499E-03   .3322210E-02   .7536593E-02   .1280963E-01
   .1915133E-01   .2654879E-01   .3496501E-01   .4433808E-01   .5458071E-01   .6558029E-01   .2328613E-01   .2904891E-01
   .3563905E-01   .4264404E-01   .4993668E-01   .5737144E-01   .6478615E-01   .7200411E-01   .7883656E-01   .8508542E-01
   .2731808E-01   .3091417E-01   .3446291E-01   .3744157E-01   .3969052E-01   .4105146E-01   .4137063E-01   .4050210E-01
   .3831109E-01   .3467721E-01   .8904613E-02   .7381643E-02   .4976927E-02   .1487336E-02

 CYCLE NUMBER   40 MODEL TIME IN  HOURS   .11

 DIAGONAL ELEMENTS OF U 

  -.9436446E-05  -.8541314E-03  -.2900139E-02  -.6316371E-02  -.1125039E-01  -.1782745E-01  -.2614464E-01  -.3626516E-01
  -.4821288E-01  -.6196727E-01  -.4938034E-02  -.7444445E-02  -.1367640E-01  -.2096998E-01  -.2925258E-01  -.3841176E-01
  -.4829345E-01  -.5870096E-01  -.6939495E-01  -.8009427E-01  -.5829878E-02  -.7886237E-02  -.1315853E-01  -.1830803E-01
  -.2310171E-01  -.2728198E-01  -.3057044E-01  -.3267245E-01  -.3328254E-01  -.3209042E-01  -.1907868E-02  -.1815639E-02
  -.1773115E-02  -.5231380E-03   .2135885E-02   .6394594E-02   .1242647E-01   .2038149E-01   .3037973E-01   .4250509E-01
   .3597250E-02   .5767169E-02   .1110205E-01   .1773590E-01   .2567288E-01   .3487973E-01   .4528219E-01   .5676212E-01
   .6915535E-01   .8225037E-01   .6151299E-02   .8616573E-02   .1486218E-01   .2142973E-01   .2812260E-01   .3471111E-01
   .4093448E-01   .4650383E-01   .5110605E-01   .5440848E-01   .3650645E-02   .4385480E-02   .6410061E-02   .7515780E-02
   .7467249E-02   .6027599E-02   .2964408E-02  -.1943931E-02  -.8901524E-02  -.1808808E-01  -.1845100E-02  -.3440993E-02
  -.7292472E-02  -.1254539E-01  -.1927997E-01  -.2754507E-01  -.3735328E-01  -.4867631E-01  -.6144106E-01  -.7552625E-01
  -.5809412E-02  -.8416500E-02  -.1495915E-01  -.2223011E-01  -.3008828E-01  -.3835422E-01  -.4681023E-01  -.5520137E-01
  -.6323748E-01  -.7059609E-01  -.4976697E-02  -.6442807E-02  -.1027511E-01  -.1356133E-01  -.1605520E-01  -.1749669E-01
  -.1761706E-01  -.1614464E-01  -.1281113E-01  -.7358420E-02  -.3299783E-04   .8543221E-03   .2901451E-02   .6320664E-02
   .1126062E-01   .1784782E-01   .2618074E-01   .3632412E-01   .4830346E-01   .6209998E-01   .4949573E-02   .7464562E-02
   .1371754E-01   .2103983E-01   .2936012E-01   .3856725E-01   .4850842E-01   .5898814E-01   .6976819E-01   .8056846E-01
   .5867261E-02   .7943260E-02   .1326424E-01   .1847240E-01   .2333525E-01   .2759561E-01   .3097530E-01   .3317973E-01
   .3390322E-01   .3283511E-01   .1964184E-02   .1896071E-02   .1914899E-02   .7330808E-03
